10
1
2
1
1
4
1
46
2
1
2
1
1
5
1
1
2
1
2
7
1
1
2
1
5
1
1
8
1
1
1
1
13
11
74
1
4
2
95
1
1
1
4
60
11
1
1
49
4
1
24
2
1
1
1
1
7
1
1
11
1
1
12
13
16
1
1
4
1
3
2
1
1
2
4
1
3
4
1
1
1
8
3
1
39
5
1
5
3
1
1
1
7
22
1
1
4
3
1
1
1
2
1
1
2
2
1
3
3
12
6
2
1
2
2
4
2
1
1
2
1
2
13
1
2
1
1
1
4
3
6
1
1
1
1
6
1
1
1
1
6
1
42
1
5
2
15
1
1
1
1
4
4
1
3
4
1
1
2
9
1
1
1
1
1
9
2
1
5
2
1
1
1
1
1
1
28
1
1
1
1
3
1
4
1
1
3
1
1
1
1
1
1
1
4
15
1
1
157
2
1
1
4
1
1
1
2
1
2
1
2
1
4
1
1
2
1
3
6
1
2
1
1
2
3
1
2
1
1
1
1
1
1
2
1
1
1
2
7
1
3
1
1
1
1
13
125
6
1
1
1
1
35
7
2
2
1
1
88
35
14
2
1
1
1
23
1
5
2
6
2
1
1
1
2
4
1
1
2
4
2
1
7
1
1
1
1
8
13
4
40
1
2
1
1
1
1
1
1
1
1
6
1
2
1
1
1
2
1
1
1
1
1
1
1
4
1
17
1
1
3
1
1
1
2
1
1
1
1251
1
14
2
2
1
1
1
3
1
1
6
1
12
31
1
6
1
2
2
1
1
15
1
2
1
2
5
1
2
3
1
4
2
53
1
7
1
16
1
1
8
3
7
4
1
1
3
1
4
13
1
1
1
1
2
1
1
2
5
2
3
1
3
3
1
6
1
1
6
324
1
16
1
6
8
11
17
99
3
8
1
1
23
1
3
1
1
5
1
1
1
1
10
2
8
1
1
1
5
1
1
1
67
1
1
2
1
7
1
4
1
1
1
1
12
1
7
1
3
1
7
2
1
1
1
1
1
1
1
3
1
2
1
2
1
34
1
1
5
1
4
1
4
9
1
1
2
2
1
1
1
1
3
7
1
2
1
1
9
2
1
1
4
1
3
2
11
1
3
2
3
9
1
1
3
1
1
9
1
3
3
1
8
1
1
13
1
1
1
1
4
2
8
1
1
2
3
3
1
1
1
1
2
6
1
4
60
1
225
1
1
1
1
1
2
1
6
2
1
1
1
1
2
1
2
45
1
1
1
1
1
1
6
1
2
1
1
1
1
1
1
2
34
1
3
194
99
1
2
2
1
1
1
1
1
1
1
75
30
7
1
1
8
1
1
2
1
4
4
1
1
1
10
3
3
6
8
9
1
1
1
1
1
2
1
2
1
64
5
3
5
1
1
3
1
2
1
1
2
1
2
1
11
1
2
1
1
1
4
1
2
1
4
2
3
1
1
1
3
5
1
2
6
1
2
3
7
3
3
1
6
6
4
206
1
3
2
13
2
1
6
1
1
1
2
1
16
5
1
2
2
5
1
1
1
1
4
1
2
1
1
1
13
2
7
11
5
1
1
1
1
17
3
2
3
2
5
18
1
3
2
1
1
21
1
1
2
1
1
1
1
1
1
1
1
1
8
1
1
1
4
1
1
2
1
3
36
1
1
1
4
1
1
3
1
1
5
1
159
1
1
2
1
7
1
3
1
1
13
1
1
4
1
4
1
5
1
1
1
2
5
1
26
2
2
2
1
1
1
2
2
1
1
1
9
2
4
1
1
1
2
5
1
1
8
1
1
1
1
295
41
1
34
4
1
1
1
1
11
93
1
2
5
2
6
1
1
1
1
5
1
1
1
1
2
4
1
1
1
1
2
2
1
1
2
2
2
15
4
1
13
5
3
3
1
1
1
1
13
1
1
2
1
1
1
1
1
70
1
2
1
1
3
1
11
1
9
1
1
3
44
1
1
12
7
4
1
3
1
17
4
1
1
1
2
1
7
1
1
3
1
2
376
1
1
6
1
21
1
3
1
2
1
1
1
3
4
6
4
20
2
2
1
1
1
1
1
2
6
5
3
1
1
9
1
1
2
1
2
2
2
1
1
2
2
8
1
1
1
14
2
1
1
1
1
2
1
2
9
1
1
2
13
2
1
2
39
1
11
1
1
6
1
60
1
2
1
10
1
7
2
3
4
2
1
14
1
2
1
1
2
3
1
1
2
1
1
1
1
2
1
1
1
1
1
1
2
7
11
1
15
1
2
65
5
2
5
12
3
1
2
1
7
2
1
1
1
1
4
2
1
1
2
1
2
2
1
2
2
18
2
1
1
10
16
3
1
1
1
2
2
1
1
19
1
1
6
1
1
10
1
1
24
1
1
10
4
4
1
7
1
1
6
1
1
1
8
1
1
1
1
5
8
1
1
1
9
7
4
3
1
6
1
3
1
7
1
3
1
20
1
4
1
1
1
1
1
1
1
1
1
1
1
5
1
1
9
2
1
1
3
1
1
2
1
3
1
1
1
1
1
28
1
8
1
3
2
1
2
1
1
1
1
3
1
1
1
1
16
1
1
1
1
1
1
1
1
1
1
8
1
1
2
1
11
1
1
33
1
1
20
1
1
1
1
95
5
13
4
1
3
1
1
1
1
2
1
1
1
1
1
4
1
2
2
2
1
1
1
3
2
1
1
2
1
1
7
1
1
2
2
1
1
3
1
1
3
1
2
2
1
1
2
1
1
2
9
1
6
26
2
1
1
11
4
5
1
2
10
1
1
1
8
1
2
4
1
1
2
1
1
2
1
1
1
2
4
1
4
2
1
1
2
11
1
1
1
1
1
3
276
7
1
1
1
8
4
1
1
3
3
2
1
10
1
2
1
1
1
1
3
2
1
1
1
1
1
1
1
2
30
1
3
1
1
1
3
5
3
2
1
16
3
1
2
1
2
6
4
23
2
1
5
37
2
26
8
1
2
2
1
14
3
1
1
13
1
1
1
1
1
1
1
1
40
2
1
2
1
7
2
1
1
1
1
2
1
10
1
2
6
2
2
3
4
1
1
1
1
1
41
1
1
12
4
10
40
2
1
4
1
1
2
4
2
1
5
8
3
1
12
1
2
1
1
2
1
1
2
1
2
3
2
1
3
1
1
28
19
8
15
2
12
1
1
1
2
3
1
1
2
2
1
2
1
5
1
1
4
1
1
1
2
12
2
142
1
1
1
1
11
2
1
1
1
3
1
14
1
1
1
1
1
1
2
4
5
1
4
1
1
1
2
1
5
5
2
1
2
1
1
1
1
2
1
1
6
1
2
10
7
1
5
1
2
4
2
1
1
1
1
2
3
11
4
1
6
2
1
1
17
1
114
2
34
4
1
1
4
1
1
1
1
1
1
1
1
8
1
1
5
2
228
3
12
2
1
1
1
42
1
2
2
1
1
1
5
5
1
1
1
1
1
1
1
1
5
1
5
1
1
5
4
1
3
3
4
2
7
2
1
88
1
6
4
1
7
5
1
3
3
1
10
1
8
2
9
2
1
7
1
160
2
2
3
1
1
1
4
2
1
1
1
4
1
1
1
1
1
2
1
7
1
1
2
1
1
1
1
5
5
6
1
1
6
1
7
2
3
1
1
9
1
8
1
3
1
18
1
1
1
1
2
52
1
21
1
2
1
1
1
5
3
1
14
1
1
2
2
2
3
1
2
2
1
9
1
1
1
1
1
16
1
1
1
10
2
40
3
2
5
1
5
1
1
2
15
3
8
1
2
1
1
1
6
1
1
2
1
1
26
4
2
3
3
1
1
1
1
1
1
1
4
1
1
1
1
1
3
1
1
1
15
1
1
1
3
26
1
1
1
5
1
1
1
4
1
1
1
20
1
1
1
225
1
2
2
1
2
33
10
3
2
12
4
1
1
1
1
11
1
1
1
1
1
1
5
1
1
2
2
1
1
5
1
7
12
1
2
2
1
48
1
1
1
3
1
1
1
1
5
8
1
1
1
1
51
1
1
1
1
1
1
1
22
1
3
2
2
4
1
1
1
1
9
1
1
1
2
2
1
3
16
7
3
87
1
2
1
1
1
1
1
1
4
1
1
1
2
1
10
1
2
9
1
9
1
1
1
3
7
1
2
1
2
1
1
1
1
1
1
1
2
52
2
5
1
1
1
1
1
1
1
2
1
1
1
1
3
1
1
3
3
4
65
1
1
1
6
16
1
2
1
1
2
2
1
2
1
2
1
1
1
1
1
1
2
1
1
1
1
4
1
2
1
1
1
1
2
18
7
5
1
1
1
1
1
1
1
3
70
1
24
2
11
1
1
1
2
1
2
6
1
1
1
1
3
6
6
1
1
1
1
2
1
1
2
7
1
1
1
21
2
1
1
6
6
6
8
1
1
2
1
8
4
2
8
4
4
2
77
5
2
1
1
1
13
5
1
1
1
1
1
1
1
8
4
1
1
2
4
2
3
1
3
3
8
1
1
1
1
3
114
2
1
2
1
4
1
9
1
1
3
18
2
1
2
14
1
1
1
1
1
1
1
1
1
1
2
1
2
2
4
1
1
7
1
1
1
1
1
1
7
41
1
1
1
1
1
19
2
1
1
22
1
1
11
2
1
1
2
1
2
13
1
1
2
1
1
25
1
1
18
7
1
5
4
1
1
3
1
1
4
5
1
1
5
1
11
1
1
1
2
2
9
2
1
1
1
7
2
1
1
2
1
2
4
5
1
1
1
1
2
1
8
8
5
1
1
1
1
16
1
9
3
2
1
1
1
1
10
2
2
1
4
2
7
1
1
276
1
2
1
63
1
1
3
1
22
2
5
1
1
1
1
1
14
1
3
3
1
1
1
1
1
2
2
3
1
4
9
1
8
1
9
1
50
1
1
4
2
7
1
1
2
1
2
1
2
1
1
1
1
1
2
1
9
2
1
2
1
2
4
1
5
1
1
4
5
1
7
8
1
9
1
4
4
2
15
28
26
2
7
1
1
3
2
1
1
1
7
1
1
745
16
5
1
1
1
8
1
5
1
1
2
1
1
2
2
2
3
9
1
49
18
1
1
2
4
3
3
1
4
2
2
2
5
1
1
1
1
1
1
4
1
1
1
5
1
2
2
1
1
43
1
2
1
2
1
4
1
1
157
5
1
29
1
1
1
4
3
6
1
4
1
1
1
3
4
4
1
2
2
3
3
1
2
1
1
3
2
17
1
2
8
3
1
1
2
1
1
12
4
2
7
1
2
3
7
1
2
2
3
1
1
1
1
1
2
1
1
32
1
1
2
6
1
1
1
1
1
1
2
1
1
1
4
9
2
7
7
1
1
1
1
1
1
2
1
15
1
2
1
1
1
1
1
1
2
2
2
2
9
17
1
3
1
14
1
4
1
6
1
5
2
4
1
2
1
5
31
1
1
1
1
1
1
51
4
1
5
22
1
1
1
1
2
2
3
1
6
1
1
2
1
1
1
1
1
4
1
1
1
1
5
1
3
1
3
1
10
2
2
1
1
3
3
1
10
1
3
71
3
1
1
2
1
1
1
1
1
1
1
1
1
1
1
1
4
2
5
1
1
1
1
1
1
1
2
1
1
4
6
2
1
1
9
1
5
1
1
1
1
1
1
1
5
1
1
2
1
2
4
1
1
461
1
1
4
1
21
4
1
1
1
2
1
6
1
1
1
3
2
1
6
1
1
13
3
3
3
1
1
10
1
11
2
1
5
1
1
1
3
1
2
20
28
2
1
1
2
1
5
1
2
1
1
2
49
21
1
3
1
2
5
1
8
1
1
1
11
25
41
1
1
1
1
1
7
1
1
2
2
2
1
1
1
1
2
1
1
2
7
2
2
6
1
1
1
14
1
1
1
1
3
7
1
3
3
5
1
1
3
1
2
1
1
1
1
1
1
1
2
2
9
1
4
1
1
2
2
1
1
1
1
1
1
1
2
6
1
125
2
12
1
1
1
5
4
1
1
2
2
1
2
1
7
1
3
2
1
5
1
1
1
1
1
1
1
1
1
5
6
2
1
1
1
1
1
1
8
3
1
2
2
2
1
4
1
1
2
3
18
1
6
1
281
1
1
2
2
26
1
1
3
17
1
1
1
2
2
1
9
1
1
1
1
1
124
4
1
745
2
14
3
1
2
1
1
2
1
1
1
1
1
102
4
4
1
4
1
1
1
2
11
1
1
1
2
1
1
1
1
1
1
3
1
1
2
3
1
11
1
3
7
2
1
1
47
5
2
21
1
1
1
1
1
4
1
1
1
2
1
3
3
1
1
1
1
5
1
1
1
4
2
1
1
17
4
2
2
1
2
4
1
3
1
4
12
1
1
3
4
1
11
1
1
1
1
1
1
1
2
3
1
5
1
1
1
1
1
3
3
2
1
1
1
4
2
1
3
1
8
1
1
1
5
7
5
7
20
1
1
1
3
1
1
5
2
13
2
1
1
2
8
3
1
1
46
1
1
8
1
4
2
4
1
2
4
2
4
1
1
75
2
5
8
1
1
1
7
4
1
1
2
1
1
9
447
2
2
1
3
3
1
2
2
1
2
2
1
4
4
2
1
1
1
2
1
1
5
12
1
1
11
1
1
1
4
1
2
1
1
3
4
2
1
3
16
1
1
2
17
1
6
1
1
1
4
5
2
21
1
9
1
2
1
2
1
6
14
1
1
1
1
1
1
9
1
1
1
1
1
1
1
3
1
1
2
1
12
1
5
4
4
1
6
1
1
1
2
6
2
3
2
9
1
2
1
1
2
5
1
1
1
1
3
2
1
2
1
1
1
2
1
1
3
1
1
2
24
1
1
48
1
1
2
1
1
2
9
72
2
1
4
22
15
1
3
1
1
2
2
3
1
2
1
3
2
1
2
1
1
124
1
1
2
3
2
1
27
8
2
1
2
3
2
9
1
4
1
1
2
2
1
3
1
1
1
1
218
4
1
1
1
1
1
2
3
1
5
5
2
1
1
2
18
1
1
3
1
1
1
97
1
1
2
1
1
1
1
21
4
376
1
4
1
11
4
1
1
10
2
6
1
1
1
1
2
2
67
9
1
4
6
24
120
1
1
1
4
2
1
2
1
3
1
1
1
1
1
6
1
3
1
1
5
1
18
4
13
95
24
1
1
1
1
1
1
4
1
1
5
6
1
3
1
3
1
3
3
2
3
16
14
3
1
1
1
1
1
3
1
1
6
1
35
1
1
24
1
4
3
4
2
2
1
2
3
1
1
1
1
3
1
1
1
2
4
1
1
1
1
3
7
1
2
21
1
1
4
2
1
3
2
3
8
27
12
6
1
5
2
1
2
1
1
1
2
8
2
3
1
1
1
2
1
1
1
37
11
2
1
1
1
3
4
3
3
1
46
1
1
1
1
1
1
1
1
8
1
1
1
1
2
2
1
1
1
1
2
1
9
1
10
1
3
1
1
1
9
1
1
1
1
2
1
1
1
1
2
1
4
2
1
1
6
1
1
8
3
1
1
4
2
1
8
1
1
1
1
1
2
3
1
1
13
2
1
6
3
1
1
4
52
1
1
1
1
6
1
35
1
1
18
1
1
1
2
1
210
1
2
3
1
1
1
4
1
6
1
1
2
2
1
4
1
1
1
5
2
1
3
66
1
26
2
2
9
1
1
4
6
2
1
8
4
10
2
2
1
142
1
1
1
2
3
1
1
1
3
1
17
27
13
1
3
1
3
6
1
1
4
2
2
1
1
2
1
1
2
2
1
1
1
3
4
1
2
3
1
2
1
5
1
1
22
2
1
2
1
1
1
7
4
1
2
3
13
2
1
1
8
14
5
10
4
1
2
1
1
6
1
1
1
4
5
2
1
1
1
3
1
2
1
1
2
2
1
3
1
2
1
5
48
1
1
1
1
3
12
1
3
2
4
2
10
1
77
1
1
1
1
2
7
2
4
7
8
1
1
1
11
2
2
1
3
1
1
67
2
1
4
1
23
1
1
2
2
1
1
5
1
8
1
1
2
1
1
4
8
2
2
4
1
1
1
1
2
4
1
1
2
13
9
41
7
2
1
2
2
8
1
1
1
1
5
1
1
1
1
3
1
44
1
1
4
1
1
3
1
4
12
1
2
7
1
1
1
1
1
1
1
8
1
12
1
2
6
17
1
2
1
1
1
1
8
1
5
1
1
2
1
1
5
4
1
14
2
3
15
1
1
10
1
11
1
2
3
2
5
4
18
3
1
2
1
5
1
1
1
1
2
2
2
1
9
1
4
1
1
1
15
10
1
2
4
3
2
5
1
2
1
12
2
3
1
1
1
1
2
3
7
1
1
2
1
1
1
1
6
2
1
1
15
2
2
6
1
8
2
4
1
1
1
1
18
3
2
1
7
1
20
1
2
2
1
1
1
5
1
1
3
4
2
9
8
3
1
1
1
2
7
5
1
1
857
2
461
1
1
2
4
2
1
25
1
8
1
2
1
3
1
2
2
1
1
9
1
2
1
3
1
26
2
1
1
4
1
1
1
1
4
1
3
1
7
2
1
1
1
1
1
1
2
1
1
1
2
1
14
19
9
2
1
2
14
1
1
4
2
1
12
3
1
3
1
1
1
1
1
1
2
1
10
1
6
1
1
2
13
1
1
1
1
1
1
1
29
4
1
1
1
2
10
1
23
1
1
1
1
9
5
1
8
1
1
5
2
1
1
2
1
1
9
1
4
1
3
1
6
1
1
1
3
1
1
2
13
1
41
1
1
1
1
1
5
1
1
1
3
5
3
1
2
2
1
2
1
1
1
2
4
5
2
95
1
3
1
2
2
1
1
1
10
1
3
3
2
1
2
1
1
1
1
7
2
2
1
25
1
5
1
1
1
6
2
2
81
3
1
1
1
48
2
4
2
1
1
2
1
88
1
1
58
4
1
4
3
1
1
2
19
7
1
4
1
1
1
1
1
2
1
1
1
13
1
2
1
4
3
1
1
6
1
1
3
1
12
1
1
4
1
1
8
5
59
30
1
3
2
1
1
1
31
1
9
8
2
1
1
1
1
1
6
1
7
1
1
11
6
1
1
2
1
3
7
1
2
1
7
1
2
1
1
3
2
1
1
1
2
14
3
13
1
2
1
1
1
6
1
2
3
4
1
4
1
1
1
1
1
1
5
1
1
3
9
1
1
2
1
1
4
4
1
1
10
2
9
1
4
2
3
12
1
3
2
3
7
1
3
1
2
1
1
2
2
18
3
1
1
1
1
4
2
5
8
8
1
2
1
1
1
4
3
1
1
1
1
1
8
6
3
1
19
1
2
5
1
7
1
3
1
1
2
1
1
1
1
1
6
228
3
1
1
1
5
1
1
2
10
3
172
2
1
1
1
1
1
1
1
11
1
30
6
2
1
1
1
76
1
1
1
1
2
2
4
3
2
1
1
1
1
1
1
2
12
25
7
2
1
20
1
2
1
2
2
5
1
1
4
1
1
2
1
2
1
4
2
1
2
43
22
1
1
1
49
1
1
2
1
2
1
1
1
1
5
1
2
2
3
1
2
1
1
3
1
1
1
1
2
2
32
2
2
1
5
1
4
2
11
2
1
19
1
3
5
13
4
1
2
2
1
2
1
1
1
1
1
2
1
5
72
2
3
1
11
7
1
12
3
1
7
1
1
2
1
65
1
1
1
1
1
1
13
1
1
4
2
1
3
42
1
14
1
1
1
2
6
1
14
1
75
2
1
1
3
8
1
2
2
8
1
4
1
16
2
1
1
1
1
3
1
1
1
1
4
3
1
2
2
1
1
2
1
4
2
1
1
1
1
3
56
2
7
1
1
1
21
2
1